latency ns
82085122
86800702
92485950
95335792
95258937
100112323
100003729
52269756
108898760
62821289
65668438
65340696
72343566
76792583
79798151
80556972
86238372
91047102
94619091
96543193
95229795
99932125
102513462
59131467
103089485
61995136
114810319
63406162
68236304
73149847
78812464
82747405
77548825
79089805
89093341
89531241
97412884
91079254
103880638
51683467
100498308
62330428
106164465
62395223
66188159
65941522
72761699
72429899
80352933
83252008
81819647
86602783
98141240
91826127
93649184
101365275
104198057
52170434
114065553
56783054
59959720
62499499
65157481
69658288
73270495
74766177
79598545
82813881
85537701
91040632
90774666
94177853
97802331
51499477
104259217
55749620
112433828
64861150
63511527
67886864
69607575
76112417
75688804
72129989
81916554
84349548
88133573
87577412
94375522
95966382
99569342
48698156
103519609
53011089
104809657
63009066
63062094
66356356
66054871
69719113
76427016
72977718
78608652
79213959
84483207
86090873
83861975
87438453
90432609
95689171
94351198
48879795
100988568
52528250
105390260
60839766
114494188
63158989
70806193
70650960
70412006
77041362
74720386
80348415
84010362
87535918
89314581
90871579
91489235
92906251
100446505
96105921
99777648
49390490
108192683
53762965
108369957
66427064
64134954
65655498
71346853
73006499
73437660
72134486
75786805
78586285
86841288
83723863
90263954
88068202
94847847
91380158
97270072
104685810
99505800
53715644
107249303
57067520
116651425
70323685
64313555
74992278
73668392
79316702
82036427
80780552
86477227
88351358
84806266
85552305
95197371
89081220
98660591
93691961
96262047
48069656
107662830
57372615
108585726
57987052
63041488
64733176
67398377
68088408
68863416
72403223
73998113
78711670
77402538
80486942
85058008
85739932
86772289
91438087
95077531
97228316
98739714
47473827
100187133
52682635
106711560
57302584
109996732
63625313
64363732
67012458
71948798
74680848
73283358
79918970
80584735
83327812
86038681
89707761
89911100
94424118
93382923
94997149
102607702
56239863
107892580
60561212
114772262
66477348
67105592
68716912
72289539
75136127
71806845
69546980
77311281
82525280
81128695
88803427
87448960
89166927
88971740
98551736
100271229
102331500
104938518
52748932
106351251
59996352
114640729
64284241
63010670
66666009
68112249
69823826
72507191
73190964
80752836
76400312
80037630
81817444
90247190
88339361
93046991
92866496
92155480
96861900
101358278
51079525
99796608
59180155
109886951
57528292
113101256
62854184
70568693
67270874
73910680
72320955
79965147
76684715
81401229
86965669
89737569
90407392
92259833
91264890
96472009
98203820
97917715
104071900
106781760
51487940
113098428
59982604
112488744
59246087
67886021
72455067
71120911
76863342
78621153
75468383
77097966
86345317
78073532
87735555
91350784
82055962
84762455
87562719
88155088
91390904
95112049
94803423
99646881
51393093
102077764
52830344
106483527
60379392
60250404
61922724
65513649
68246234
69877433
72538634
74781328
76472971
79456212
82577822
83129885
81772685
82529307
87342432
86716527
88469993
91195289
95581472
93236432
96715637
97449285
49085383
102794500
57087162
104770213
58400895
111691591
61646058
62218207
65958327
66685508
69415352
67088469
70897959
72988532
75730077
78496876
78146422
84716517
85558326
87082400
87776241
90468641
92133440
93695694
96412567
97424661
99236455
101322051
49196404
104731133
54783277
108202402
64044240
113640278
58463977
61879853
63497926
70237975
67007105
71579633
73307751
74138921
70698652
75368159
78085772
76785133
81569797
85287750
81802356
83418922
93118920
88741919
93652977
94711318
93488708
102221110
94999253
103936953
54844370
103363878
51217421
106873144
62275134
110021666
59770053
110553263
66336571
69894803
72796202
72346852
68299202
70818271
70734178
77360782
79338875
77061665
79993225
77584914
81429329
83962222
89856809
91436612
90356250
92741666
91572485
94903373
92692977
97471845
97211330
94819983
97776315
100422827
51117381
104127916
54624487
106398118
57097533
110158072
61570243
61228231
63273644
64828412
62644612
66388708
68775807
70625353
70463741
71146802
75607467
72385025
78289775
79109242
79812260
81540272
80180239
81046555
82828585
82707173
86179994
84948875
89748580
92587677
91214618
91053184
94030550
97873643
96406432
101268065
100023408
100831242
52578421
106347290
55487228
109329434
59129464
112117572
58698489
62646178
56017203
68842773
68791442
68740302
71243227
72141304
71788749
73697559
75448641
74169188
75952308
77276884
75073217
86965578
85670802
83434361
90164254
92033670
94772062
94656995
97515865
101184619
96908854
101606783
52274284
105114932
56043636
112007055
64148514
114852715
66897775
61780568
65526794
73341608
73219030
68971939
72845741
73705750
73486971
75303302
83207018
83184318
83051812
80889707
88770647
85585022
94560787
88733516
89673341
100486594
96381492
102192876
104140911
96007921
50392214
108275550
55236172
105118514
63373182
105109468
64003024
119763351
67533899
66394119
65146959
65978508
73850191
76778791
74514441
78135253
75037957
78903161
71542195
75375783
75203413
75897267
77796739
78597140
80559845
82202097
82059565
85826433
83528416
87531666
89367199
91266228
89937144
92599064
91343432
93174255
92132446
93098468
97350809
95042787
97849304
100634055
50585151
101290872
50182732
100814262
52438536
105979015
58911544
104607010
56306764
110144019
62017238
109942710
58660084
60896287
60712677
62679684
63528701
64265580
68872589
70546129
66330373
71305328
69053638
70868188
73576635
77310967
76052974
75823712
75614412
75552454
77439018
79167753
81111633
77616539
79361515
82769020
84866454
81436011
83055348
82691847
89609773
87302240
93235713
87985660
89890124
92580871
93669877
93567091
99276806
95019724
98780872
94648705
95263115
100096871
102125781
99920938
96603857
101425472
54124278
101931829
55786982
107519272
56537621
103287815
55002107
109833936
61536270
109359511
58209328
105945631
63964662
110791409
59562150
116126319
64902427
64698114
60538792
65281142
68021520
68333819
64282085
66877326
67999982
64817715
67672772
76561993
70169936
66944666
76137354
76782034
75921316
77481376
74349155
77176170
74974469
76988327
78683991
84537167
77096171
76103455
76870385
77795704
78657621
81288796
82110597
80888433
82930478
82619942
81433732
84953463
84812856
86396320
86101075
86918408
86465445
89420215
88022787
89812547
87623136
91508690
90289412
92006667
90961889
95715791
95483806
97215995
93961255
97807376
97406151
95039785
95408455
97186547
48696802
98498072
53221202
107006377
54768764
109461431
58308939
106018193
59806379
108119413
60016158
113804433
59443196
61345379
65191557
61970672
67800042
67664223
68519362
63496588
65138596
66992463
68684357
71514860
68284142
69178099
71166865
72963460
73703791
73505927
74173459
72124394
75747818
78405668
72479340
75111821
77845401
78622994
76383512
80033621
74669911
70495988
81425868
77628137
79265709
79298294
75943886
81685412
76447595
78172862
78731909
83290240
87152879
79869857
89165446
87904837
87637869
85417511
86120825
85076215
93328224
90079121
87879660
89586819
86583403
91220103
92982317
89803317
92976691
93660682
89340565
92991242
92664561
99437294
91167265
98948720
92303458
102079941
96910633
97746907
104502897
96185063
105414369
97172323
107048792
98643762
49986358
141720231
47530403
98314031
50100282
99805658
48654588
101370039
50379841
100055167
49977286
100641971
49507914
102596166
53209196
105978323
56056036
103734028
57663741
108449018
59129055
106857518
56532910
108516120
59101458
109787014
60680094
107982831
58686340
61323904
60122709
63970648
62914488
63636001
64316270
63144560
63812324
62566507
66239180
62946569
62739975
65538003
64332129
67566218
62425195
67103247
69850344
70627212
69405617
72174846
68908128
73300704
73091180
73804106
73549187
74345305
77145659
72860526
75671661
78553465
74814901
77485649
80251822
74065951
74685587
74487280
75279319
73994911
79874220
75350504
79136165
81774686
77607342
85525582
82209411
79733971
83480069
84059988
81996798
79520293
82443351
82035344
78927170
78470602
82389246
85235430
84659680
84992954
79921615
80634418
80048367
88700523
86589064
86263815
87147420
86307872
85959875
83666951
90392904
85200605
86936602
86647654
84445081
90333198
94611518
93559579
91384842
95945236
96766289
93487076
95451081
93206268
97306767
95989380
90722233
92683454
100461339
92241469
100174045
91728153
90890253
95888823
94699689
91889353
91568868
93619567
93242679
94777363
95624615
93222876
94594877
93410704
92183188
96007034
92639492
94581467
95319668
95037058
97055340
94851684
95810141
96636143
99162312
96824880
96427713
97198904
96018174
96837790
49372263
96871013
47849233
100634807
47433643
97156435
97811569
97757158
52457697
103245689
50822457
100618933
48476991
101319560
50034048
98831834
47729362
104636592
50388202
99240794
49049350
103700504
48571050
100436151
47333084
103657635
53105895
104008659
53660555
98416598
50662422
98382308
49181160
98015506
48831550
97623573
53365810
102315136
49872470
105617362
49499520
104398094
54658752
103288307
53994841
99763828
56643328
105510825
52990490
100955137
53761693
106372486
53167831
101977252
51843457
104538423
58339541
109124475
60024512
107794771
51563001
104615266
55040825
110767935
53463772
110175179
53995597
102931567
54536771
103212484
52226271
102883644
58697573
104327798
56094352
107887720
54163377
101955797
52839514
106610535
61162034
108050938
53878217
105684964
54545948
108319539
55183702
112052119
49840140
108763270
58393471
109242782
60081690
110984513
50661288
103623986
55663351
101216284
50293716
100253589
51853891
101937253
52652663
101371922
53129094
99987747
49869941
102574214
49381672
100372637
54188553
104110277
51737949
100580824
54366579
103258258
52037915
101153168
50650029
103357390
51122699
104053011
52140067
99763634
51597347
100605190
53245598
104095527
51803872
105633370
53394803
103194010
51021017
104883090
53860284
101735101
51540046
100154090
49952016
99734143
52423269
101595916
51279678
101262120
52847250
99418039
48015674
104793490
54265907
98693074
50310823
102815947
99224090
99681356
94181200
97795393
93198107
96705269
92463654
93988479
96418771
89843117
90233446
88727362
94073352
89293005
92560131
90059076
92537327
86045523
84629686
88968100
82397481
82093468
80972676
86549149
81682330
80086815
78510769
84100462
79388270
81407899
80902820
77439976
81982020
82514821
83114359
82722697
79780133
84160702
82771463
80330712
77692298
75153293
70668642
79494240
71868397
72417963
70997800
66588883
70119701
71847109
68244840
72804876
64003786
72515955
65096439
65529654
58988390
59443216
65084119
111622142
62319289
110874550
62468682
112956692
52747300
105305905
55881167
103548983
51980797
101412104
50878586
99437769
46574577
96031850
96482073
97030121
94571488
96292372
96033539
92604661
92106210
90548546
90107902
89651802
89186238
90811459
89497143
86960446
88537702
85505164
85987480
85600686
82140960
82759334
85259205
83922530
82438064
82976980
83659061
81315796
77941894
80609619
78085504
80720094
80321188
74919028
76587510
76156393
77783113
77237525
77902879
74435030
73027429
73717946
75937978
72456098
70006430
69641887
71166606
71679887
66382751
69008359
65575574
68299904
66660782
63239173
67721817
64176167
59954158
62662915
66775830
116319381
61330553
110913883
60443873
112977002
61132826
107689843
60355288
102806732
60291622
107896304
52578611
104894399
53521089
102075247
53644495
97176438
96338508
96980306
93478400
96025293
96655035
97369919
94727326
96335808
87381338
88064002
92838460
84447935
86180172
86785059
81271783
79878855
87740011
83307819
76844095
80473630
79069125
75656416
80315933
71691490
81490458
75756620
78618504
76091050
69552992
79171116
71700743
72356387
67925299
70810751
68824390
73426987
74866436
67519600
67064428
60675537
60269957
59894394
59137197
59048481
60670607
109348606
58948329
107556339
55244740
106793527
52386980
101314677
50909913
99524789
51144173
99836157
47485550
96151406
92834463
98685044
93362287
95985195
94547542
92175879
89875463
91684972
89320516
91064129
90708272
86282385
89952570
85666501
88348741
85099746
82695541
85567039
84141119
79893004
81515415
80094520
76680681
75429604
78102196
77708989
78839714
76485814
75130203
71801751
73521555
71845622
71611827
72169481
70799552
72358271
67848100
71535717
69070396
65667636
63402795
62003166
66687642
63724314
59337213
109861936
59643144
109296327
58000584
105931979
55305504
101232799
50947176
105668208
50352311
101771569
101594387
100269225
95884983
99632986
100545730
98509977
92898694
98873350
90490529
97028252
92874029
95272188
87419669
95159026
90711581
92469074
84151995
84910678
86603287
88120378
79908985
79895620
75495033
78219262
83690533
77527954
81836376
81440496
74259497
70655808
76304586
78990181
76732179
71138937
73578740
72431555
66281965
63810542
69523152
71818221
68714755
71479969
69082172
61775561
61281890
113170177
64918606
106600218
59235180
103753119
54560252
103141590
51797393
102462105
51963403
99304818
48765443
97417340
47138156
97644465
95477768
95098877
91794388
93516840
90888803
91756218
92262781
90864557
90687376
86983742
86851645
86639195
85715543
82435040
82003478
83882486
77285507
77956502
80200019
76663497
73514997
74043747
75642646
74167270
72723883
70606707
71567682
71293215
67194982
65457673
67320581
66998580
68359732
66027459
66620505
62406463
59900930
113926307
57568200
109440069
61030792
107671393
57196971
105865422
58532388
101417125
53953246
104686738
49468305
101136283
96949032
95768932
91693680
94537150
92288386
92687551
91257878
89983719
87863314
85629890
81323874
84070720
84704440
83357919
82323955
75234755
76111503
74509314
79280820
79938975
71739435
79507904
74051625
69150976
70008457
68785820
72467231
66166632
68076004
63708997
65583137
118239862
61765339
112658210
64276163
103999809
61719526
108440343
52009240
106849438
54895762
103486017
48267483
103948125
103805066
98598836
102183735
100991020
94784158
93717395
88494187
90044731
86504373
89332285
89176967
81942416
82845862
88538857
76198841
88271760
76358036
75097609
73743654
73417277
73085488
75024974
71609726
72250324
70078246
67836083
67438876
66085836
65610619
66292716
65689611
63516644
62135674
59950621
61651528
110307602
58042865
108698704
53363399
105467523
51452716
101852171
52518400
100438980
101020498
96829260
98645664
97287941
94853538
93479916
93184781
86813683
86803445
84281459
86913111
85076357
81928363
76761913
79388426
78109037
77894092
76637514
70588855
74327537
72862297
71718926
71827598
66420308
72098240
68771606
65377120
63475464
69197634
61788948
60471734
60183136
64936698
110539238
59976289
111356374
61274557
104804511
58552341
107299106
56971757
104729274
53668059
101431473
49412526
101898507
52687652
103285021
99026125
94773666
95487341
94201375
89881663
92406024
92076925
92779700
89827439
95467720
88295688
89128239
81692651
90398757
85041012
88865022
82452700
86085799
78894012
82696082
83306601
84479557
82112424
75869566
74515004
80283119
80957402
78827250
77158014
72890029
77434224
74232472
77975347
78122392
72766986
72489135
78172624
69701400
78499219
70188957
69631540
73381804
74083204
67814233
71410922
67147319
68972582
63634481
63713481
62469726
61908882
60720750
59392312
108131757
57816746
109181734
56940472
106393962
56153862
105941988
53192664
104814246
53679125
99310324
50109736
99797457
98562733
94922988
95632450
93310287
92007519
90680329
92593865
90949914
91675603
88418527
90117346
84724620
83414893
82140458
83026458
84054861
84135630
78921958
81592372
81455794
80190428
81604146
78377178
79058967
71123348
73889006
77586398
75109958
71838425
70447338
70030357
72154860
69152350
72896263
71599169
65311975
66995734
64738910
64338746
62968994
62371956
115064449
58794477
110560991
60288587
110005823
58008347
106687016
57648851
105149579
53835088
107569340
54389196
100435683
50141086
99903821
97473908
92350187
92938681
92680868
89331776
92103556
93715844
93830090
91479283
88596503
83337134
84948650
81635418
86536198
85379985
77912223
73668832
77355450
72928346
74558712
69440159
72076592
70809358
68593431
63426682
67021672
68016332
67783978
62480695
109382795
55728227
110533806
59442144
103096031
52884692
109311052
60103332
108605058
49171088
98914492
96789846
103325593
104089596
97805961
99841796
95514197
98150139
90025748
90637104
87158304
85846675
85688212
85357999
85145384
83721097
83398958
82126719
79768858
77558298
81172205
76986206
76634411
73648725
73928158
72430897
70140929
69914789
69568215
69316419
66246535
65861862
63540740
65880218
64677818
65377021
62175313
60120289
111368302
57017376
109877786
56530323
107211196
52900379
101454608
54427353
99317147
52878667
100205947
99021812
99796884
99466567
92936123
90727922
96413548
93568927
88104590
87705146
90413916
86544729
83296072
88103358
86823601
86060107
80674528
82446712
81784260
80647789
81095275
78896530
76202908
74994300
78674278
75462645
75345074
76233678
74967012
74798246
72543563
71018793
66302941
67913485
67752922
69659870
68670800
58355566
113218267
64869268
107782261
59422305
113108433
55878367
110751824
57539541
103279629
55119623
106900303
101709749
96437929
100319052
96115608
100695558
93650242
96437987
96114220
96885914
92529480
88529251
92080497
83079489
81833066
87508550
80386038
80102208
76044754
80377662
82206685
76720989
76553096
66149346
73904038
72884155
76451524
75265458
68753429
69469527
64331995
64058823
70878691
60828375
60461708
57502384
108217424
55883251
103428224
52203320
103170382
53012039
100473858
52329750
98934944
97731147
97431733
96076995
95900212
92778685
92363331
91030260
89893439
88723718
86481643
88171632
87034048
76582779
80218068
83073765
76764929
79062453
76950091
74499045
74241083
73976655
73870610
68601230
71208774
65417186
64274495
67877065
62755990
61283407
109342206
61789692
109939810
54601953
108405906
55983066
103804926
53554057
105584666
49936255
102816605
99947022
99713904
97451413
96279881
96087901
89917184
90091484
89764031
89502461
85403210
90413002
88044427
87040012
83641725
78366579
81121741
81821018
75338811
74013544
75737330
73161989
75777110
69567082
69343568
67182214
72072845
65583041
65399394
62063761
108922173
57498125
112535079
57223544
109019047
56839407
103667622
55514360
107246204
54141163
95937851
101844784
97626215
91219030
95252556
88853225
89726463
91756039
89381206
85081228
89556074
91438595
80141475
87547501
81959590
82784400
79519221
83465750
73070195
72846747
73698931
70615728
72912967
72890738
69506909
68267759
62164711
62951633
71476378
60211873
116090318
59149751
105083576
54322584
103268015
53941230
103817758
51825427
102400379
48446028
98832117
50357888
99236347
95678753
96494041
96105030
95102221
91786549
89699130
90525682
89339760
85211121
86966914
85020737
82976506
79837617
77475108
76577135
77220560
79000735
76916002
76153581
69732427
69503689
71480889
67364207
64220313
64979410
64684260
62976979
110395145
58344556
105985089
59832469
104796964
55516936
102481457
46996295
101751781
51819952
101589470
99450202
96114875
92985323
91747908
90298070
89241975
88014846
87791234
89062508
81927885
80945433
80496369
79287927
78305229
76861396
72801082
75628530
70345888
70110849
69963369
69701519
69584508
66182768
59914035
62683102
105762617
53414987
109161574
50121223
102770335
47542688
103538663
97054245
98503749
97733338
95517271
98242343
90094560
87677016
93328092
90131389
85012416
89935173
87205227
82141844
86565731
77179072
80877274
82434308
81256810
69985064
67750348
70866184
71007801
66876952
71987025
62832878
59515539
64094163
109564513
60569779
108366514
51915296
99872691
100622513
104277264
92925582
98808071
87485310
94550177
83850298
91576263
82442567
77007089
74832080
72380489
70134474
68102092
67982143
66360059
63200183
59855652
62110182
107776800
57481825
106155682
52752223
99474962
48077059
97861200
94486993
93016743
91745772
89409754
87149694
85896826
83797332
78680293
76296895
78025486
75630265
73305188
73116991
67621321
64483506
64116454
61843641
107623683
59099490
103900314
52437914
98128348
98489816
96223652
94883609
90698065
90558887
90218466
85937838
86862305
86554723
81227389
83188643
80906527
75621981
73402927
71883877
70831545
71435710
71283991
65087424
60802788
65524445
107003555
58063065
110201382
60922116
105807993
53369906
104365167
47597051
96414318
97146274
97959623
94896888
89869136
84610174
86368226
85103214
81548172
86133984
77894640
74717710
71559337
75245454
69068378
68402010
65249333
66162067
67990883
65462823
107240520
54914171
108204218
56935774
99729312
105465373
101103272
93802274
96724669
96542068
94195337
89923641
93618702
85179245
84885142
82363479
86048363
78814307
75665488
80455234
71131243
76923458
66601221
74584134
66487316
66767646
60393549
60202418
106811773
54507895
109179894
52050747
108502217
101119834
95854475
92574581
92064723
90686505
89546601
84463295
85086912
80439080
80128932
77797526
78629744
76211785
73852781
70475571
68288590
67153902
66865278
63393448
108222154
56963003
105795594
53385805
103955180
51023469
99816289
98399540
96113953
91560987
94196504
90781346
86421710
88184248
85877856
84828279
82401933
77929891
78659548
77451678
74151670
74916996
70719922
66316649
69094784
67077992
60526909
57329156
107066291
53920417
104492263
49306778
103009759
100698152
94367399
93124624
93071081
92771993
86348948
87251085
86811878
79419291
84024402
83795416
82528544
80188387
76934111
73348213
68017544
68643787
70618611
63265773
66832447
64691601
109505031
54373535
105498742
53637974
100448842
103031449
95753251
93226928
96921742
91285282
93014607
83882141
82346935
87128177
80871558
79430301
77116793
72941621
77529012
74003902
70546934
66383448
70065509
64650585
107402409
56901545
106637193
51978040
97565192
101398551
99965796
96766968
91373507
93134159
90978715
83720533
84679349
80303608
81628429
77481727
80089124
78780087
74458462
74307410
68765709
71633492
67492649
69333935
113776330
56541199
102265190
50235542
98383302
49702059
95422041
95184548
89970963
90777619
88441733
87207871
84903964
79658299
78195613
75092952
74545779
74314066
69053510
67754273
67410050
67699958
61572472
63358576
110106794
56055623
105528514
56629317
101103565
99768306
94520517
95479953
91664246
87332391
90046769
86533216
79363140
75867603
77469578
76130239
73097077
66942417
64417564
65535494
62037598
60751873
108685141
58450902
102200476
54824080
98540141
101452875
98117484
93958916
89583559
87088457
85434914
89997868
83746970
85332311
79934617
79828553
75702102
75247512
73908079
73593814
67458895
64194260
61936553
61845824
111373841
56267103
106817766
55609873
102770088
98128302
100038895
92629935
88154675
91913888
84606394
84452798
80267675
84476132
76950177
75313631
72143351
74725583
67551867
65005782
60704854
66668190
111380861
60092325
104950044
51588076
105567088
101866632
94728718
94404028
93131203
88961243
94599438
86281162
86029552
82843583
78476552
80238450
78314499
73703468
74217733
73980413
74879537
72726833
64418638
64015082
114616904
56163748
111311921
53956896
108796334
98646290
95314949
97057017
88747125
85941950
86663068
83199719
79839333
77516312
74152863
72954828
69641886
69490298
64077795
65339190
60138617
59704990
105583250
56046038
103945587
50647236
97492621
96144354
92245379
89048044
90897791
85426500
83161959
82906113
75762412
75549296
70270880
71975660
68680132
65511968
67156368
59843764
107522450
56255497
104504638
53471668
102282762
96882244
97685235
92417571
96233970
89364218
85202174
83841980
88539569
82061769
77926621
81796644
79292189
66155835
69956854
71254413
64860532
66148553
60019778
61796133
108648493
55114021
101810354
47574303
102212766
93431619
92262901
90985391
88637511
89424329
83187973
84891121
78622970
78513204
74223295
77946093
70641245
70422728
67172509
61989863
63778851
62478931
111204519
53647659
101246336
49074536
100835146
95559948
97325072
89183194
94900677
84533269
85249867
83013808
80674322
78567580
79289746
73961962
79542538
71191206
71727780
69386577
65166294
67740881
110575664
56162861
103675233
52534655
104691713
56340879
102143633
98717729
99538626
97139955
91849947
92526666
85189020
87043104
83625992
88129483
85029571
75736423
72524341
76990396
67721327
65519254
64139272
61633030
59065386
57984377
106563483
52281069
99115360
95838474
96706590
90537663
87737710
88495286
85313066
80073996
81929227
79738493
73245196
74159811
70862876
68113725
66733935
61654941
108412454
55434225
105142936
53778819
100842088
97525463
95057730
94407861
92083954
93773429
86606531
85527802
81293638
82298694
79759278
74537215
74059859
69884309
71547453
72733579
67451660
65247451
63128754
63841558
109635911
56804875
105583123
54203237
98146139
98707786
93313369
94009988
88708756
86519595
89932150
83859131
84503094
80173743
73119940
73645930
71501054
68122627
64215840
65626682
59386685
62143497
104942119
53784907
101422835
54208922
99257712
91887635
99665971
94345440
87074883
85586639
82144914
84922219
79627861
75236942
74970825
69900289
74287385
70859737
69514168
68558382
113983688
55491925
103333933
52016763
98840949
94597962
99489717
93066521
91476377
84320332
84542994
89318914
79824564
78587159
74242469
76952473
65871344
73044002
62698410
60201718
107903641
59886974
109681707
98510736
104266638
95002684
91717878
94661450
92414686
86454606
82130135
75936204
71620448
71508292
68308250
64197862
63970337
59654675
109363645
53151311
101525859
51239468
98733718
95693755
93517026
90109997
89105857
83983148
81697835
82256501
76284133
77439854
74135177
73015386
70046438
64977759
63903070
59851126
108579360
58436119
105374390
51032022
100598844
94341900
91838118
90724119
91407691
84079442
80792578
83560397
82346036
77889670
77366276
72163317
65846066
64738111
62007414
59936692
105695774
59387079
105286092
53343098
101207188
94099052
94727240
88483106
90328570
85133200
88058782
85705720
79265669
76171858
78981698
71624190
72342232
66268903
64938977
62899428
111553278
55829614
107761718
53366187
104030900
94724644
93532086
90154019
92810213
92398550
89487529
85072687
78849099
78256553
73995074
80022972
74703679
67986045
65567976
61129824
64946171
56594277
110240800
50936341
96864897
96177706
95702472
93459445
89242607
85765296
89554305
83440506
84078874
83347791
80003979
73673262
76088585
74862626
70635652
62265665
115993460
56801368
106533588
60174059
108006120
50795473
104448601
94365846
90310032
92909044
89991157
91831250
89401962
84343524
82996684
75607739
73316115
72217681
70758209
67641824
66451344
64067184
65335992
59907947
108763045
59405239
104738476
52401033
100321763
48205679
96966018
92632405
91362786
87961787
87743783
85455643
84080986
81816688
79893734
76431773
75134955
73300108
72133717
69952687
66668893
63439959
61248209
59907220
106463955
53231819
103053898
47817181
100503307
95998258
90145680
92979456
92829289
84551331
83001150
83938998
79703383
79481175
77359998
72210085
69075525
67426024
65945712
65898674
110483317
63335347
103078181
53727182
102353760
54273974
101935138
96739785
91480580
88299118
88796623
82746375
82631741
82193349
73880436
72328696
76120655
72019322
65662054
65340283
63607159
60616738
106363872
55082771
103921605
54524682
99397178
98112972
93863508
90845618
86359392
87060516
86668501
83293658
79360163
80019551
77930945
76638112
77129348
68624753
66271552
64342556
62075963
59010694
113571859
54252990
107380777
56300092
104852671
98592301
100314042
99077967
95760137
92304513
91455134
88312835
81161147
80947475
83752371
79484927
77271998
78204880
72808152
63638508
64465038
57944895
114986164
59734739
105328523
51099085
96910601
93984259
91579103
90491516
86071393
85800541
81975167
77678940
74398081
75225720
69857823
66879458
66755044
64378621
110174321
58936853
104865151
50869905
100682809
93295013
94142334
93009990
88064890
84675508
83541951
82237198
75814430
78606345
75332106
68387730
67203097
66534680
60206874
59916110
103641276
55590142
102229805
99242811
92437472
95067211
91080099
86819157
86309390
83189504
74820263
75420615
74188104
70707497
69407907
61126108
109987262
59456082
104226987
55050760
102622262
97636719
95612100
91362029
87085833
82860620
84711822
79247857
75008456
76295441
74968636
65838788
62518600
66101484
110848329
56534746
100371617
50032241
99153879
96185322
89010372
89779745
88466483
85201305
85972490
76771329
72762774
70475403
74521028
67253200
67133017
63785846
113704877
58408032
104148996
47074508
93707072
93478415
92124802
93622224
92351191
88177909
83606401
79288564
80976593
70760070
77650192
65204760
68033618
66762469
106863560
56507839
112097510
55786750
102656181
100367439
92025972
90769180
85943218
86915952
81615779
85303116
82126101
72869656
70541934
75413119
72945727
105155920
107787135
51663937
100289760
96938485
94637782
92553968
89306184
85966850
80217772
79187699
74841408
73553149
70260571
65966184
66450812
63221660
111078671
57927805
103681913
51385979
96961954
92887291
93645010
87279394
82899388
85782608
80987367
77572794
76151602
69948825
70572010
64469782
64259482
59944002
103656979
55975595
101783995
101275166
96986051
93622406
88223290
84744345
84480904
80203625
76955556
70768205
70600927
66246158
63655662
60402979
107230677
57033568
102119675
95979130
98853793
94445955
90166755
86085361
81602598
84494683
79545527
73137065
72863622
72543307
65381610
63429563
59980522
62744848
108791282
55683752
98344577
99029349
97929997
94503310
89156421
90653719
80626566
85869214
79439959
75565955
73103814
70721369
67827895
60453885
114516465
55973216
100774375
97362768
97018984
96781700
87435455
87091518
88288252
87310341
76058077
73538555
79205323
68839694
71714019
70284021
110012841
63568682
108486851
55178807
99886890
103504192
93206769
89886587
93795698
90454844
83687443
83421465
78930448
78940036
75722210
66950125
64340296
67221080
113245866
58772029
106028623
96749637
93546849
89375657
86208258
81823534
78772534
77290604
72957369
72063831
69763185
63501587
60203250
57027534
105859656
51540775
97245023
96333171
91096004
90921671
83715272
81456489
76065330
75060036
74728798
67740773
67446208
62365364
105885466
52459833
101340884
95142928
94872263
88696858
90512903
86645015
82863730
76637757
72361689
72061030
65839079
62517715
59045593
56501247
103060232
51880790
102643546
96408532
96729657
92727119
90770183
82575356
82377026
75906473
77784461
70536200
66388640
69044771
64886030
59580977
109484988
51198662
99937442
95679706
98584863
90211822
90993346
86199488
83459496
79644567
76373549
72125287
71836625
71653474
65392080
62232898
107993718
57834178
108657341
53697482
99539691
99359368
88126324
85021431
80923432
86438440
77212371
72988834
68761783
69433929
69274897
59059553
106621136
58443009
106195811
96009842
93803234
97623734
93163649
86927718
78685338
78576739
76511276
72190079
74920889
64758220
62462442
56417856
111071702
52806006
100555016
99741115
93505879
93355998
89860687
81625511
76354543
79169129
77044308
68649416
67853333
61680753
107558638
55115573
102946035
51238189
95853094
93620343
92300783
87997481
85817513
81616625
81171983
75956988
73552455
71369104
68975319
65320131
108154032
55532570
101534083
52081747
98849967
92655501
89835257
84806418
85239780
78100415
78957865
71971241
67722900
64774764
63373614
62252748
104239199
56621793
99797815
96639303
93444715
88166847
86870550
83651870
78184059
76888172
72093176
68705507
68623886
63164519
107850243
53516178
102162993
49074188
96134834
93963395
87444779
87998175
83276430
78950930
75706060
71471342
68385865
68189913
110017289
59719211
101441980
49321534
97916028
91652615
92617001
91190554
86946160
83767498
80604420
77237993
70999655
64423340
63205441
63783655
108588036
57408186
98974765
97074903
91841779
92165454
88816917
86584195
83091745
78591697
77387246
75165529
71039988
63409874
64593746
64205775
112060496
55533206
103442735
55097514
103045306
89652733
96392970
90376412
82011374
84555112
82328255
77821350
70875307
71398855
64116965
60921178
107608712
60686155
107345948
50251151
102808081
90273129
98561137
88562257
85393567
88143635
81829855
81934772
80165411
73024443
71728051
60443824
105331386
54224870
100170778
97471382
94239808
89171111
84727871
83544108
79398475
76265183
71338001
71461760
66107610
62756081
107977347
51718107
101567322
50432466
98471781
93413628
91137010
89750968
85581650
79143925
76079653
71785309
68711407
66602157
65951391
59740627
108070525
55824888
101850664
99590235
96838324
91242211
85238502
82845405
78834385
78432988
72868518
77762291
68651098
65557392
110432164
58251869
99903516
97743423
96428763
95359608
86068407
83705362
86482573
83277339
80174831
77000468
72981791
70769843
66365602
63350712
105001324
53787913
103625315
96355865
97257685
95971432
86844294
90522679
86179893
82938558
79288630
72091448
70871674
67789152
63508439
60110865
106980580
51747922
106580588
101532856
100321075
90023954
91849207
85566392
87417372
85109461
78911829
71554143
72099968
67871879
69649987
60631293
112302423
57960631
96900869
99452574
97137697
95836080
89606424
91659762
85749295
81202544
74956594
75672362
77598584
70245427
60970246
58774513
106507441
61205697
98846560
98755154
97550538
89335420
85127697
88854378
76691753
80336741
79151978
72455708
75875572
61668688
107505675
55295289
100025171
96645421
93488527
91249505
87010286
85480800
83160032
78812498
74636227
69302919
68613094
65796600
59626627
58466291
104949977
52676340
98619478
97355154
90359709
85987321
86754283
82257254
79892308
74631245
70509341
69140828
62949649
63105676
110802679
53494297
97297676
95873486
92806645
88758382
88412558
80081060
80930283
73670410
75336043
66177231
67781088
63351101
109151213
55847873
101281938
98104247
94734002
88652282
88364192
84094695
81376748
75333497
75006741
69964585
66688771
65030900
106689615
56540768
106106918
101897248
96605287
91369606
91424944
83352321
81050844
77013903
72633931
69893274
64918378
65345998
107110292
52984470
98606718
102265871
94188481
92828977
86649490
86440954
85207518
78977920
74687458
69540833
69118797
66940540
109629789
54476577
102368243
103146453
95948078
97078007
88019852
88774389
87766154
75361607
72114404
75862921
72656893
63172317
61936785
57746947
103565611
51554005
103004225
97030202
98585030
96761335
90318019
90190459
83828518
83675497
79326988
69218875
67927988
70718473
114420973
57463376
108378050
54077105
101046307
91704521
89964838
86047457
80681673
79312543
74000587
72800566
69419332
64022981
62172707
60106374
106839226
51476404
96133209
